image: map.1m.png
resolution: 1.000000
origin: [-171.573902, -16.592398, 0.000000]
negate: 0
occupied_thresh: 0.65
free_thresh: 0.196

