image: map.50cm.pgm
resolution: 0.500000
origin: [-130.140560, -111.720563, 0.000000]
negate: 0
occupied_thresh: 0.65
free_thresh: 0.196
