image: map.1m.png
resolution: 1.000000
origin: [-119.467527, -41.728276, 0.000000]
negate: 0
occupied_thresh: 0.65
free_thresh: 0.196

