image: map.2cm.png
resolution: 0.020000
origin: [-108.019841, -46.116004, 0.000000]
negate: 0
occupied_thresh: 0.65
free_thresh: 0.196

