image: map.1m.png
resolution: 1.000000
origin: [-122.950833, -19.325981, 0.000000]
negate: 0
occupied_thresh: 0.65
free_thresh: 0.196

